City_ID,City,Cloudiness,Country,Date,Humidity,Lat,Lng,Max Temp,Wind Speed
0,busselton,76,AU,1524789200,100,-33.64,115.35,63.54,14.9
1,los llanos de aridane,0,ES,1524787200,72,28.66,-17.92,64.4,16.11
2,okha,92,RU,1524789200,98,53.59,142.95,26.01,18.03
3,leh,88,IN,1524789200,92,34.16,77.58,13.05,1.7
4,ligayan,36,PH,1524789200,100,4.65,119.47,83.97,7.96
5,katsuura,75,JP,1524787200,67,33.93,134.5,59.0,1.12
6,atuona,92,PF,1524789201,100,-9.8,-139.03,80.82,17.36
7,bathsheba,40,BB,1524787200,78,13.22,-59.52,78.8,17.22
8,jamestown,0,AU,1524789201,80,-33.21,138.6,57.51,4.94
9,albany,40,US,1524787860,66,42.65,-73.75,48.2,11.41
10,georgetown,40,GY,1524787200,94,6.8,-58.16,77.0,4.7
11,ushuaia,40,AR,1524787200,64,-54.81,-68.31,33.8,12.75
12,yulara,8,AU,1524787200,40,-25.24,130.99,73.4,11.41
13,castro,32,CL,1524789203,97,-42.48,-73.76,46.35,7.74
14,sao filipe,64,CV,1524789203,97,14.9,-24.5,71.19,16.58
15,klaksvik,48,FO,1524786600,64,62.23,-6.59,37.4,6.93
16,bonavista,68,CA,1524789203,65,48.65,-53.11,45.0,14.9
17,viedma,0,AR,1524789203,55,-40.81,-62.99,61.92,9.42
18,bethel,90,US,1524786780,69,60.79,-161.76,39.2,26.4
19,elko,1,US,1524786960,14,40.83,-115.76,77.0,3.36
20,ayan,0,TR,1524789204,74,40.67,33.6,41.67,1.48
21,butaritari,68,KI,1524789204,100,3.07,172.79,82.08,13.0
22,la tuque,68,CA,1524789073,97,47.44,-72.79,46.44,8.75
23,acapulco,5,MX,1524786420,74,16.86,-99.88,84.2,10.29
24,richards bay,56,ZA,1524789205,92,-28.77,32.06,72.54,16.02
25,provideniya,90,RU,1524787200,100,64.42,-173.23,32.0,6.71
26,fallon,1,US,1524786960,24,46.84,-105.12,66.2,20.8
27,arraial do cabo,44,BR,1524789106,97,-22.97,-42.02,74.79,9.75
28,iquique,0,CL,1524787200,77,-20.22,-70.14,66.2,11.41
29,port-de-bouc,0,FR,1524787200,50,43.4,4.98,57.2,8.05
30,saint-philippe,90,CA,1524788100,87,45.36,-73.48,50.0,6.93
31,lerwick,68,GB,1524786600,86,60.15,-1.15,41.0,13.87
32,caravelas,64,BR,1524789206,100,-17.73,-39.27,78.21,9.64
33,yeroham,36,IL,1524789206,94,30.99,34.93,52.47,2.93
34,vaini,0,IN,1524789206,87,15.34,74.49,63.27,1.14
35,plaster rock,90,CA,1524787920,93,46.91,-67.4,50.0,6.93
36,vila franca do campo,40,PT,1524787200,87,37.72,-25.43,60.8,11.41
37,codo,0,ID,1524789207,100,-8.13,112.72,78.3,3.04
38,jesup,1,US,1524786960,47,31.61,-81.89,75.2,5.61
39,rikitea,64,PF,1524789207,100,-23.12,-134.97,76.68,4.72
40,sunrise manor,1,US,1524788100,6,36.21,-115.07,95.0,6.93
41,punta arenas,75,CL,1524787200,80,-53.16,-70.91,35.6,14.99
42,aspe,20,ES,1524787200,93,38.35,-0.77,57.2,2.24
43,bambous virieux,40,MU,1524783600,73,-20.34,57.76,77.0,11.41
44,abashiri,0,JP,1524783600,47,44.01,144.25,59.0,3.36
45,iberia,44,PE,1524789208,85,-11.41,-69.49,79.38,1.7
46,meulaboh,24,ID,1524789208,100,4.14,96.13,77.76,3.94
47,mahebourg,40,MU,1524783600,73,-20.41,57.7,77.0,11.41
48,hasaki,75,JP,1524787200,60,35.73,140.83,68.0,10.29
49,port lincoln,0,AU,1524789208,93,-34.72,135.86,63.81,8.41
50,matagami,44,NG,1524789209,92,9.67,8.4,68.4,1.03
51,polyarnyy,75,RU,1524787200,98,69.2,33.45,33.8,4.47
52,lagoa,40,PT,1524787200,93,37.14,-8.45,62.6,4.7
53,hanna,0,CA,1524789209,38,51.64,-111.93,67.41,7.85
54,hami,0,CN,1524789209,47,42.84,93.51,56.79,4.16
55,camacha,40,PT,1524787200,77,33.08,-16.33,60.8,13.87
56,tasiilaq,48,GL,1524786600,85,65.61,-37.64,23.0,5.82
57,tigil,80,RU,1524789210,93,57.8,158.67,37.08,8.75
58,nikolskoye,0,RU,1524787200,80,59.7,30.79,41.0,8.95
59,jardim,32,BR,1524789210,50,-21.48,-56.15,78.21,6.51
60,berdigestyakh,8,RU,1524789211,47,62.1,126.7,33.39,4.16
61,hermanus,0,ZA,1524789211,91,-34.42,19.24,51.21,5.39
62,ponta do sol,44,BR,1524789211,73,-20.63,-46.0,68.85,3.71
63,havelock,75,US,1524787080,77,34.88,-76.9,69.8,6.93
64,belmonte,0,PT,1524789211,88,40.36,-7.35,52.29,3.6
65,cape town,20,ZA,1524787200,87,-33.93,18.42,59.0,12.75
66,terme,0,TR,1524786600,93,41.21,36.97,44.6,3.36
67,vila do maio,20,CV,1524787200,77,15.13,-23.22,69.8,16.11
68,geraldton,90,CA,1524786780,80,49.72,-86.95,33.8,13.87
69,shishou,0,CN,1524789212,88,29.72,112.42,65.16,4.5
70,airai,12,TL,1524789212,68,-8.93,125.41,73.53,2.15
71,severo-kurilsk,36,RU,1524789212,95,50.68,156.12,36.18,6.4
72,bull savanna,76,JM,1524789212,72,17.89,-77.59,78.48,3.71
73,sturgis,1,US,1524788100,29,44.41,-103.51,64.4,14.99
74,ribeira grande,8,PT,1524789212,100,38.52,-28.7,60.48,15.01
75,vievis,0,LT,1524786600,93,54.77,24.82,41.0,8.05
76,avarua,40,CK,1524787200,74,-21.21,-159.78,80.6,16.11
77,thompson,90,CA,1524787200,82,55.74,-97.86,32.0,4.7
78,east london,0,ZA,1524789213,100,-33.02,27.91,70.56,18.59
79,sitka,32,US,1524789072,49,37.17,-99.65,60.12,19.15
80,rabo de peixe,40,PT,1524787200,87,37.8,-25.58,60.8,11.41
81,fortuna,20,ES,1524787200,93,38.18,-1.13,57.2,2.24
82,lebu,80,ET,1524789214,96,8.96,38.73,54.0,2.71
83,hobart,75,AU,1524787200,62,-42.88,147.33,57.2,8.05
84,waipawa,0,NZ,1524789214,63,-39.94,176.59,63.18,1.48
85,kapaa,90,US,1524786960,74,22.08,-159.32,78.8,14.99
86,hithadhoo,48,MV,1524789214,100,-0.6,73.08,81.99,12.66
87,colina,0,CL,1524787200,39,-33.2,-70.67,62.6,5.82
88,northam,0,GB,1524786600,87,51.04,-4.21,46.4,4.7
89,chekmagush,92,RU,1524789215,96,55.14,54.65,45.09,11.54
90,saint-augustin,0,FR,1524787200,81,44.83,-0.61,50.0,5.82
91,havre-saint-pierre,90,CA,1524788820,100,50.23,-63.6,35.6,13.87
92,chapais,1,CA,1524787200,45,49.78,-74.86,48.2,4.7
93,teguldet,0,RU,1524789215,74,57.31,88.17,36.09,7.18
94,aguimes,40,ES,1524787200,72,27.91,-15.45,64.4,24.16
95,half moon bay,20,US,1524786960,58,37.46,-122.43,68.0,25.28
96,chuy,44,UY,1524789216,94,-33.69,-53.46,70.02,11.54
97,carnarvon,0,ZA,1524789216,75,-30.97,22.13,32.94,1.48
98,sept-iles,90,CA,1524784980,93,50.2,-66.38,39.2,14.99
99,iqaluit,20,CA,1524787200,65,63.75,-68.52,8.6,11.41
100,saskylakh,64,RU,1524789216,91,71.97,114.09,21.87,5.61
101,tuatapere,92,NZ,1524789217,100,-46.13,167.69,50.13,8.75
102,codrington,68,AU,1524789217,85,-28.95,153.24,66.6,8.3
103,mataura,100,NZ,1524789217,94,-46.19,168.86,55.26,11.32
104,bluff,12,AU,1524789217,29,-23.58,149.07,78.03,13.22
105,lotofaga,64,WS,1524789217,100,-13.98,-171.86,82.08,9.42
106,puerto colombia,75,CO,1524787200,88,10.99,-74.96,80.6,9.17
107,troitskoye,80,RU,1524789218,76,52.98,84.68,41.58,6.96
108,malaya serdoba,0,RU,1524789218,90,52.47,44.96,47.43,13.44
109,ilulissat,12,GL,1524786600,53,69.22,-51.1,24.8,16.11
110,colesberg,0,ZA,1524789218,77,-30.72,25.1,36.72,2.71
111,eirunepe,0,BR,1524789219,93,-6.66,-69.87,75.15,2.15
112,norman wells,75,CA,1524787200,27,65.28,-126.83,51.8,2.59
113,constantine,75,DZ,1524787200,87,36.36,6.61,53.6,9.17
114,san isidro,32,PH,1524789220,100,16.74,121.63,75.78,3.27
115,quelimane,0,MZ,1524789220,90,-17.88,36.89,67.41,2.82
116,broome,44,GB,1524786960,87,52.47,1.45,46.4,5.82
117,upernavik,12,GL,1524789221,98,72.79,-56.15,15.21,6.73
118,bontang,48,ID,1524789221,100,0.12,117.47,80.91,0.36
119,altay,92,CN,1524789221,66,47.83,88.13,30.96,1.92
120,sitangkai,36,PH,1524789221,100,4.66,119.39,83.97,7.96
121,mar del plata,8,AR,1524789221,54,-46.43,-67.52,53.01,15.35
122,puerto ayora,90,EC,1524783600,83,-0.74,-90.35,78.8,11.41
123,dingle,0,PH,1524789222,75,11.0,122.67,81.99,8.3
124,jining,0,CN,1524789222,73,35.41,116.58,65.52,10.87
125,barrow,12,AR,1524789223,95,-38.31,-60.23,65.88,10.31
126,kodiak,1,US,1524786780,45,39.95,-94.76,68.0,4.7
127,borovoy,80,RU,1524789223,92,63.23,52.89,33.21,8.63
128,yellowknife,20,CA,1524787200,42,62.45,-114.38,48.2,4.7
129,musoma,56,TZ,1524789223,100,-1.5,33.81,68.04,5.17
130,tazmalt,75,DZ,1524787200,88,36.39,4.4,64.4,4.7
131,fagersta,64,SE,1524786600,70,60.0,15.79,42.8,5.82
132,faanui,68,PF,1524789224,100,-16.48,-151.75,82.98,13.22
133,winneba,0,GH,1524789224,94,5.35,-0.62,78.48,8.75
134,la palma,88,CO,1524789225,80,5.36,-74.39,71.1,1.48
135,pallasovka,48,RU,1524789225,57,50.04,46.89,62.01,7.4
136,carballo,20,ES,1524787200,93,43.21,-8.69,50.0,2.24
137,marawi,48,PH,1524789225,98,8.0,124.29,73.17,3.15
138,lichinga,24,MZ,1524789225,100,-13.3,35.25,56.88,1.81
139,faya,0,SA,1524787200,77,18.39,42.45,62.6,10.29
140,dikson,20,RU,1524789226,85,73.51,80.55,7.29,11.43
141,marsa matruh,0,EG,1524787200,82,31.35,27.25,64.4,6.93
142,selje,88,NO,1524786600,86,62.05,5.35,41.0,6.93
143,khash,12,IR,1524789226,56,28.22,61.21,53.19,2.71
144,dicabisagan,88,PH,1524789226,100,17.08,122.42,78.93,4.72
145,tuktoyaktuk,75,CA,1524787200,79,69.44,-133.03,32.0,4.7
146,santiago,0,CL,1524787200,39,-33.44,-70.65,62.6,5.82
147,mount gambier,0,AU,1524789227,81,-37.83,140.78,57.78,3.38
148,souillac,0,FR,1524787200,81,45.6,-0.6,48.2,6.62
149,yelizovo,75,RU,1524787200,83,53.19,158.38,35.6,2.48
150,mount pleasant,1,US,1524788100,55,33.16,-94.97,66.2,3.94
151,mandera,80,ET,1524789229,97,3.94,41.86,70.74,1.36
152,longyearbyen,20,NO,1524786600,65,78.22,15.63,6.8,16.11
153,vanimo,20,PG,1524789229,100,-2.67,141.3,83.16,4.5
154,costa rica,75,MX,1524786000,54,24.59,-107.39,84.2,9.17
155,hilo,90,US,1524786960,88,19.71,-155.08,73.4,6.93
156,corn island,64,NI,1524789230,100,12.17,-83.04,80.46,10.42
157,xichang,92,CN,1524789230,98,27.88,102.25,47.07,2.04
158,qaanaaq,36,GL,1524789230,97,77.48,-69.36,7.38,4.61
159,anadyr,75,RU,1524787200,85,64.73,177.51,24.8,11.18
160,chokurdakh,24,RU,1524789230,100,70.62,147.9,13.68,4.38
161,dwarka,20,IN,1524785400,45,28.58,77.04,84.2,10.29
162,cockburn town,64,TC,1524789231,99,21.46,-71.14,79.02,13.0
163,kahului,75,US,1524787680,69,20.89,-156.47,80.6,11.41
164,north platte,1,US,1524786780,25,41.12,-100.77,62.6,10.29
165,aksu,0,KZ,1524787200,82,52.04,76.93,32.0,6.71
166,havoysund,75,NO,1524786600,86,71.0,24.66,33.8,10.29
167,evensk,0,RU,1524789232,86,61.92,159.24,33.66,6.62
168,magistralnyy,0,RU,1524789232,87,56.17,107.45,43.11,3.27
169,mococa,0,BR,1524783600,68,-21.46,-47.0,71.6,2.24
170,sorland,64,NO,1524789232,97,67.67,12.69,42.12,12.66
171,ancud,36,CL,1524789232,94,-41.87,-73.83,47.43,8.08
172,vao,68,EE,1524789233,97,59.1,26.19,39.6,5.61
173,port elizabeth,1,US,1524786960,59,39.31,-74.98,66.2,3.36
174,bulawayo,0,ZW,1524789233,79,-20.16,28.59,47.79,3.49
175,bredasdorp,36,ZA,1524789233,96,-34.53,20.04,61.29,16.91
176,pevek,56,RU,1524789233,100,69.7,170.27,15.21,4.38
177,lakes entrance,92,AU,1524789119,98,-37.88,147.99,57.78,6.17
178,port alfred,0,ZA,1524789233,86,-33.59,26.89,66.06,14.67
179,sao francisco,0,BR,1524787200,78,-25.65,-53.85,73.4,4.7
180,chulman,88,RU,1524789234,77,56.84,124.9,34.38,4.72
181,boa vista,75,BR,1524787200,88,2.82,-60.67,78.8,6.93
182,prince rupert,1,CA,1524787200,71,54.32,-130.32,53.6,6.93
183,saint george,20,GR,1524786600,82,39.45,22.34,55.4,2.59
184,port keats,0,AU,1524789235,69,-14.25,129.55,82.89,8.3
185,atar,0,MR,1524789235,37,20.52,-13.05,66.15,6.4
186,mizan teferi,0,ET,1524789236,97,6.99,35.58,58.86,2.37
187,fairbanks,1,US,1524787080,60,64.84,-147.72,46.4,13.87
188,rajpura,24,IN,1524789236,75,30.48,76.59,66.87,8.97
189,frutal,24,BR,1524789236,58,-20.02,-48.93,75.15,5.73
190,guerrero negro,64,MX,1524789236,68,27.97,-114.04,65.61,12.77
191,amapa,20,HN,1524787200,84,15.09,-87.97,86.0,11.41
192,san patricio,0,PY,1524789236,68,-26.98,-56.83,76.32,2.71
193,kyaukse,40,MM,1524785400,94,21.6,96.13,71.6,3.15
194,nador,0,MA,1524787200,93,35.17,-2.93,59.0,3.36
195,caruray,32,PH,1524789237,99,10.31,119.01,84.24,7.4
196,khatanga,48,RU,1524789237,92,71.98,102.47,16.2,17.02
197,kaitangata,92,NZ,1524789237,97,-46.28,169.85,55.53,4.61
198,kjollefjord,88,NO,1524789238,94,70.95,27.35,32.58,9.98
199,agadez,8,NE,1524789238,37,16.97,7.99,71.19,2.37
200,bako,20,NG,1524789238,87,9.68,6.4,76.86,2.82
201,torrington,1,US,1524786780,27,42.06,-104.18,64.4,9.17
202,saint john,90,CA,1524786240,100,45.28,-66.06,51.8,18.34
203,hohhot,0,CN,1524787200,24,40.81,111.65,57.2,6.71
204,roebourne,0,AU,1524789239,77,-20.77,117.15,76.59,3.15
205,taoudenni,0,ML,1524789239,28,22.68,-3.98,66.06,7.52
206,dauphin,75,CA,1524787200,27,51.15,-100.04,64.4,14.99
207,lancaster,1,US,1524788100,51,40.04,-76.31,64.4,4.72
208,jishou,88,CN,1524789239,99,28.26,109.7,60.03,3.71
209,laguna,75,MX,1524786120,12,27.52,-110.01,96.8,11.41
210,natchitoches,1,US,1524786960,52,31.76,-93.09,66.2,3.36
211,roma,0,IT,1524786900,62,41.89,12.48,59.0,1.12
212,hambantota,32,LK,1524789240,100,6.12,81.12,81.54,5.39
213,bandarbeyla,0,SO,1524789240,100,9.49,50.81,83.52,14.45
214,adrar,0,DZ,1524787200,18,27.87,-0.29,73.4,6.93
215,emerald,24,AU,1524789241,36,-23.53,148.16,75.51,12.55
216,fourmies,68,FR,1524786900,75,50.02,4.05,44.6,1.12
217,honningsvag,88,NO,1524789241,99,70.98,25.97,34.02,11.43
218,constitucion,75,MX,1524786180,7,23.99,-104.67,86.0,8.05
219,dudinka,24,RU,1524789244,83,69.41,86.18,5.49,3.15
220,luderitz,68,NA,1524789244,93,-26.65,15.16,57.6,12.55
221,tahoua,32,NE,1524789246,51,14.89,5.26,79.47,6.29
222,saint-joseph,90,FR,1524787200,82,43.56,6.97,64.4,2.24
223,guasdualito,75,VE,1524787200,100,7.24,-70.73,77.0,0.92
224,cherskiy,20,RU,1524789246,80,68.75,161.3,17.01,5.28
225,zhigansk,68,RU,1524789246,72,66.77,123.37,28.98,7.07
226,erdenet,0,MN,1524789246,49,49.03,104.04,57.96,6.62
227,nanortalik,0,GL,1524789247,89,60.14,-45.24,30.06,18.14
228,lluta,75,PE,1524787200,63,-16.02,-72.01,60.8,5.82
229,esil,92,KZ,1524789247,97,51.96,66.41,39.96,9.75
230,kavarna,0,BG,1524787200,71,43.43,28.33,57.2,2.24
231,marquette,90,US,1524786960,98,46.54,-87.4,39.2,18.34
232,riyadh,75,SA,1524787200,93,24.63,46.72,64.4,3.36
233,voronovytsya,92,UA,1524789248,100,49.11,28.68,51.21,4.61
234,mitzic,92,GA,1524789248,97,0.78,11.55,71.46,1.59
235,aklavik,20,CA,1524787200,48,68.22,-135.01,46.4,4.7
236,flin flon,75,CA,1524783600,43,54.77,-101.88,50.0,18.34
237,andernach,0,DE,1524786600,70,50.44,7.4,44.6,2.24
238,san carlos de bariloche,40,AR,1524787200,86,-41.13,-71.31,41.0,20.8
239,kalabo,0,ZM,1524789249,44,-15.0,22.67,57.6,6.96
240,yumen,0,CN,1524789249,32,40.29,97.04,47.79,6.4
241,kem,92,UG,1524789249,100,2.68,33.77,64.71,1.48
242,zyryanka,0,RU,1524789249,68,65.73,150.89,25.92,3.49
243,okhotsk,44,RU,1524789249,67,59.36,143.24,37.98,6.4
244,pangai,90,TO,1524787200,88,-19.8,-174.35,77.0,10.29
245,tura,68,IN,1524789250,96,25.52,90.21,66.24,6.73
246,saint-pierre,0,FR,1524787200,81,48.95,4.24,42.8,4.7
247,chara,20,GR,1524786600,82,39.42,22.43,55.4,2.59
248,bima,8,ID,1524789250,82,-8.45,118.73,79.38,3.27
249,tupancireta,8,BR,1524789250,75,-29.08,-53.84,73.35,6.62
250,port blair,68,IN,1524789251,100,11.67,92.75,84.15,7.74
251,ludvika,48,SE,1524786600,70,60.15,15.18,42.8,5.82
252,kajaani,0,FI,1524786600,90,64.22,27.73,32.0,1.12
253,mataram,76,ID,1524789251,93,-5.32,105.06,75.78,1.36
254,torbay,90,CA,1524787200,76,47.66,-52.73,50.0,14.99
255,hervey bay,20,AU,1524789251,95,-25.3,152.85,74.88,11.43
256,buala,44,SB,1524789252,83,-8.15,159.59,86.04,3.15
257,tiznit,0,MA,1524789252,92,29.7,-9.73,61.47,1.36
258,camacupa,0,AO,1524789252,69,-12.02,17.48,57.51,3.49
259,hualmay,20,PE,1524789252,84,-11.1,-77.61,67.86,4.05
260,nome,1,US,1524788100,43,30.04,-94.42,73.4,4.7
261,khorramshahr,75,IR,1524787200,60,30.43,48.18,75.2,9.17
262,burnie,8,AU,1524789253,100,-41.05,145.91,58.05,9.98
263,benguela,0,AO,1524789253,100,-12.58,13.4,79.74,5.73
264,beringovskiy,68,RU,1524789253,100,63.05,179.32,28.89,9.08
265,eureka,90,US,1524786900,71,40.8,-124.16,55.4,6.93
266,coquimbo,0,CL,1524787200,76,-29.95,-71.34,57.2,2.24
267,denpasar,0,ID,1524789254,98,-8.65,115.22,74.25,2.04
268,victoria,75,BN,1524785400,88,5.28,115.24,82.4,4.7
269,biak,80,ID,1524789254,96,-0.91,122.88,79.38,2.59
270,avera,75,US,1524786900,93,33.19,-82.53,64.4,3.36
271,chunoyar,68,RU,1524789255,73,57.45,97.32,38.79,9.75
272,saint-louis,20,CH,1524787200,61,47.59,7.56,50.0,2.24
273,clyde river,90,CA,1524787200,84,70.47,-68.59,1.4,20.8
274,bada,64,NG,1524789255,66,12.41,4.51,84.87,10.2
275,ixtapa,5,MX,1524786720,83,20.71,-105.21,78.8,12.75
276,brownsville,90,US,1524788100,69,25.91,-97.49,75.2,6.93
277,new norfolk,75,AU,1524787200,62,-42.78,147.06,57.2,8.05
278,sobolevo,0,RU,1524789256,91,54.43,31.9,40.14,8.75
279,egvekinot,76,RU,1524789256,90,66.32,-179.17,25.83,3.49
280,pandamatenga,0,BW,1524789256,71,-18.54,25.64,53.73,2.71
281,mount isa,48,AU,1524787200,21,-20.73,139.49,82.4,12.75
282,priargunsk,8,RU,1524789257,40,50.37,119.09,51.57,3.15
283,zhuhai,0,CN,1524787200,24,40.71,112.04,57.2,6.71
284,nemuro,0,JP,1524787200,47,43.32,145.57,59.0,16.11
285,veraval,0,FR,1524787200,81,49.65,0.71,46.4,5.82
286,katherine,0,AU,1524787200,51,-14.47,132.26,80.6,2.24
287,narsaq,0,GL,1524786600,55,60.91,-46.05,35.6,4.94
288,harer,0,US,1524789258,24,42.19,-111.17,59.13,5.39
289,ocos,75,GT,1524786720,88,14.51,-92.19,80.6,11.41
290,katangli,92,RU,1524789258,96,51.71,143.23,27.99,25.75
291,puerto carreno,75,CO,1524787200,88,6.19,-67.49,78.8,6.93
292,griffith,0,AU,1524789259,73,-34.29,146.06,57.42,8.08
293,sayyan,64,YE,1524789259,92,15.17,44.32,52.11,1.25
294,tiksi,76,RU,1524789259,91,71.64,128.87,26.73,6.73
295,klyuchi,0,RU,1524789259,83,52.25,79.17,34.92,8.08
296,ponta delgada,40,PT,1524787200,87,37.73,-25.67,60.8,11.41
297,belyy yar,0,RU,1524787200,65,53.6,91.39,41.0,11.18
298,luanda,20,AO,1524789260,96,-8.83,13.24,80.19,5.5
299,bend,1,US,1524788100,24,44.06,-121.32,82.4,16.11
300,mungaa,88,TZ,1524789260,93,-4.97,34.86,63.36,4.61
301,ostrovnoy,68,RU,1524789260,92,68.05,39.51,33.48,8.63
302,kavieng,48,PG,1524789260,100,-2.57,150.8,82.62,5.73
303,chichimila,92,MX,1524789260,100,20.62,-88.22,71.01,3.83
304,vila velha,20,BR,1524787200,83,-3.71,-38.6,80.6,9.17
305,sakaraha,0,MG,1524789261,80,-22.91,44.53,49.41,3.04
306,jalu,44,LY,1524789261,29,29.03,21.55,64.08,3.6
307,santa catarina de tepehuanes,20,MX,1524789261,15,25.34,-105.72,76.95,7.85
308,alice springs,0,AU,1524787200,33,-23.7,133.88,75.2,14.99
309,jurm,0,AF,1524789261,85,36.86,70.83,24.21,1.7
310,carora,76,VE,1524789261,73,10.17,-70.08,77.13,4.83
311,senanga,0,ZM,1524789262,63,-16.1,23.3,56.61,3.71
312,benalla,0,AU,1524787200,41,-36.55,145.99,60.8,8.05
313,vila,75,IT,1524786600,67,45.18,8.4,62.6,1.12
314,margate,75,AU,1524787200,62,-43.03,147.26,57.2,8.05
315,goure,8,NE,1524789262,47,13.98,10.27,73.44,2.71
316,fare,92,PF,1524789263,99,-16.7,-151.02,82.62,14.23
317,jacareacanga,32,BR,1524789263,88,-6.22,-57.76,79.02,1.92
318,san lorenzo,0,PY,1524787200,61,-25.34,-57.51,78.8,5.82
319,sinnamary,92,GF,1524789264,99,5.38,-52.96,79.47,7.96
320,ternate,20,PH,1524787200,55,14.29,120.72,87.8,3.36
321,korhogo,20,CI,1524789264,68,9.46,-5.63,79.56,8.3
322,challakere,0,IN,1524789264,77,14.31,76.65,67.23,4.38
323,mocuba,12,MZ,1524789264,94,-16.84,36.99,66.69,2.71
324,sasovo,12,RU,1524789264,83,54.35,41.93,43.74,16.58
325,finschhafen,56,PG,1524789265,87,-6.6,147.85,79.38,3.15
326,eyemouth,8,GB,1524786600,75,55.87,-2.09,42.8,16.11
327,pangkalanbuun,24,ID,1524789265,90,-2.68,111.62,76.14,5.95
328,yerbogachen,88,RU,1524789265,92,61.28,108.01,38.52,7.29
329,mitsamiouli,0,KM,1524789265,100,-11.38,43.28,78.57,4.94
330,eenhana,0,NA,1524789265,50,-17.48,16.34,57.96,4.27
331,buy,92,RU,1524789266,99,58.48,41.53,44.28,18.81
332,umm lajj,0,SA,1524789266,100,25.02,37.27,64.26,6.06
333,talnakh,48,RU,1524789266,88,69.49,88.39,11.43,3.27
334,garca,0,BR,1524783600,65,-22.21,-49.66,78.8,4.7
335,tondano,20,ID,1524787200,88,1.3,124.91,78.8,2.24
336,arlit,0,NE,1524789266,19,18.74,7.39,72.72,3.15
337,raudeberg,88,NO,1524786600,86,61.99,5.14,41.0,6.93
338,banda aceh,48,ID,1524789267,100,5.56,95.32,73.62,2.15
339,qaqortoq,0,GL,1524786600,55,60.72,-46.03,35.6,12.21
340,lakatoro,80,VU,1524789267,87,-16.11,167.42,82.8,6.29
341,atbasar,92,KZ,1524789267,95,51.81,68.36,40.59,8.63
342,ilhabela,8,BR,1524789078,100,-23.78,-45.36,75.06,9.19
343,oksfjord,90,NO,1524786600,93,70.24,22.35,35.6,2.24
344,wuhan,0,CN,1524787200,88,30.6,114.3,66.2,2.24
345,padang,88,ID,1524789268,100,-0.92,100.36,82.17,5.61
346,lydenburg,0,ZA,1524789268,84,-25.1,30.46,48.42,1.92
347,mehamn,88,NO,1524789268,94,71.03,27.85,32.58,9.98
348,kindu,88,CD,1524789268,91,-2.95,25.92,73.08,2.37
349,lexington,75,US,1524786900,45,38.05,-84.5,64.4,2.48
350,talara,8,PE,1524789269,63,-4.58,-81.27,77.31,8.63
351,gualaceo,75,EC,1524787200,67,-2.89,-78.78,60.8,6.93
352,la ronge,20,CA,1524787200,34,55.1,-105.3,53.6,17.22
353,pisco,0,PE,1524787200,82,-13.71,-76.2,68.0,17.22
354,henties bay,0,NA,1524789269,100,-22.12,14.28,60.48,6.17
355,zyryanskoye,0,RU,1524789270,82,56.83,86.62,32.94,8.52
356,oranjemund,0,ZA,1524789270,97,-28.55,16.43,61.83,13.22
357,port augusta,0,AU,1524787200,60,-32.49,137.76,68.0,4.7
358,bajil,68,ES,1524789270,84,38.23,-2.07,51.84,2.59
359,parabel,12,RU,1524789270,93,58.71,81.5,27.72,4.72
360,mokhsogollokh,0,RU,1524789270,48,61.4,128.95,34.2,3.71
361,salalah,0,OM,1524786600,83,17.01,54.1,80.6,1.12
362,grand gaube,40,MU,1524783600,73,-20.01,57.66,77.0,11.41
363,emba,0,CY,1524787200,63,34.81,32.42,66.2,5.82
364,broken hill,0,AU,1524789022,71,-31.97,141.45,61.02,8.3
365,louth,36,GB,1524786600,87,53.37,0.0,46.4,4.7
366,kavaratti,8,IN,1524789271,100,10.57,72.64,85.77,10.65
367,zhongshu,100,CN,1524789271,100,24.52,103.77,54.9,3.6
368,banda,0,IN,1524789272,42,25.47,80.33,78.03,10.31
369,durant,1,US,1524788100,59,33.99,-96.37,66.2,3.36
370,sur,0,OM,1524789272,78,22.57,59.53,83.88,5.95
371,moranbah,0,AU,1524789272,35,-22.0,148.04,76.05,14.45
372,leningradskiy,88,RU,1524789272,100,69.38,178.42,17.91,21.05
373,esperance,20,TT,1524787200,78,10.24,-61.45,78.8,5.82
374,palu,24,ID,1524789273,91,-0.9,119.87,69.48,2.04
375,san cristobal,75,EC,1524787200,71,-0.39,-78.55,57.2,6.93
376,rexburg,1,US,1524786960,11,43.82,-111.79,69.8,5.82
377,berlevag,88,NO,1524789273,100,70.86,29.09,33.3,12.77
378,toba,75,JP,1524787200,82,34.47,136.83,62.6,3.36
379,xushan,64,CN,1524787200,64,30.18,121.25,68.0,2.24
380,karasburg,20,NA,1524789274,71,-28.01,18.75,44.73,5.61
381,abnub,0,EG,1524787200,42,27.27,31.15,68.0,9.17
382,dawei,0,MM,1524789274,91,14.07,98.19,77.13,2.59
383,poronaysk,88,RU,1524789274,87,49.22,143.1,28.89,15.79
384,algete,0,ES,1524787200,56,40.6,-3.5,68.0,8.05
385,sao miguel do araguaia,8,BR,1524789274,85,-13.28,-50.16,75.42,2.82
386,yenagoa,0,NG,1524789275,93,4.92,6.26,76.41,6.4
387,mnogovershinnyy,88,RU,1524789275,73,53.94,139.92,27.99,9.19
388,baiquan,0,CN,1524789275,45,47.61,126.08,50.49,9.08
389,el alto,75,BO,1524787200,80,-16.5,-68.19,41.0,4.7
390,gretna,76,GB,1524786600,100,55.0,-3.06,39.2,9.17
391,ust-tsilma,36,RU,1524789275,93,65.44,52.15,28.8,6.06
392,tafalla,0,ES,1524787200,87,42.53,-1.67,51.8,2.24
393,acari,12,BR,1524789276,67,-6.44,-36.64,73.71,9.42
394,douglas,1,US,1524786960,12,31.34,-109.55,84.2,8.05
395,lumeje,0,AO,1524789276,53,-11.56,20.78,60.66,4.27
396,tefe,32,BR,1524789276,88,-3.35,-64.71,79.92,5.17
397,solenzo,80,BF,1524789277,97,12.18,-4.08,72.0,4.5
398,cabo san lucas,40,MX,1524786660,21,22.89,-109.91,93.2,12.75
399,bambanglipuro,0,ID,1524789277,96,-7.95,110.28,73.26,3.15
400,olga,1,US,1524787080,46,34.11,-118.17,84.2,9.17
401,nagato,0,JP,1524787200,82,34.35,131.14,60.8,4.7
402,touros,76,BR,1524789277,85,-5.2,-35.46,79.92,11.88
403,sisimiut,68,GL,1524789277,97,66.94,-53.67,19.17,1.81
404,oktyabrskiy,0,RU,1524787200,80,55.61,37.97,41.0,6.71
405,vestmannaeyjar,56,IS,1524789016,99,63.44,-20.27,39.78,8.97
406,thanh hoa,32,VN,1524789278,99,10.21,106.33,78.21,4.05
407,terrace,40,CA,1524787200,24,54.52,-128.61,71.6,6.93
408,aracati,36,BR,1524789279,80,-4.56,-37.77,80.28,8.63
409,nokaneng,0,BW,1524789279,64,-19.66,22.19,57.42,3.49
410,nurota,0,UZ,1524787200,58,40.56,65.69,55.4,6.93
411,coahuayana,0,MX,1524789279,22,18.62,-100.35,89.73,2.93
412,zhaoyuan,0,CN,1524789279,33,45.52,125.08,55.71,13.44
413,limbang,75,BN,1524785400,88,4.75,115.01,82.4,2.24
414,susehri,12,TR,1524789280,86,40.16,38.09,37.44,1.48
415,namibe,0,AO,1524789280,100,-15.19,12.15,79.29,7.4
416,ipatovo,0,RU,1524789280,74,45.72,42.92,53.19,3.94
417,bubaque,0,GW,1524787200,69,11.28,-15.83,77.0,5.82
418,srisailam,0,IN,1524789280,69,16.07,78.87,72.63,3.71
419,conneaut,1,US,1524786780,78,41.95,-80.55,50.0,2.37
420,owensboro,1,US,1524786960,36,37.77,-87.11,64.4,10.29
421,makasar,20,ID,1524787200,83,-6.28,106.88,82.4,8.05
422,nauta,12,PE,1524789281,87,-4.51,-73.58,80.64,2.15
423,rosarito,75,CO,1524787200,94,4.91,-75.23,71.6,3.36
424,chimore,88,BO,1524789281,89,-16.98,-65.13,76.14,0.13
425,walvis bay,0,NA,1524789281,100,-22.95,14.51,63.09,13.56
426,yabrud,40,SY,1524787200,87,33.97,36.66,50.0,6.93
427,portland,20,US,1524786960,25,45.52,-122.67,86.0,8.05
428,araguaina,24,BR,1524789282,66,-7.19,-48.21,80.46,5.28
429,paveh,40,IR,1524786840,62,35.05,46.36,57.2,6.93
430,price,1,US,1524786780,10,39.6,-110.81,71.6,8.05
431,praia da vitoria,75,PT,1524787200,77,38.73,-27.07,60.8,16.02
432,mareeba,75,AU,1524787200,57,-16.99,145.42,80.6,9.17
433,champerico,90,MX,1524786300,74,16.38,-93.6,78.8,6.93
434,zeya,76,RU,1524789283,29,53.74,127.27,35.01,3.04
435,gat,0,SN,1524787200,47,14.69,-16.54,78.8,4.7
436,zhumadian,0,CN,1524789283,90,33.01,114.02,68.49,4.16
437,emmett,1,US,1524786960,18,43.87,-116.5,82.4,6.93
438,nedjo,0,ET,1524789284,54,9.5,35.5,55.8,3.49
439,lata,92,IN,1524789284,93,30.78,78.62,47.97,1.92
440,mana,0,RS,1524787200,58,43.52,20.24,59.0,11.41
441,kathu,8,ZA,1524789284,45,-27.7,23.05,45.99,4.05
442,moba,0,CD,1524789284,90,-7.04,29.77,66.51,3.38
443,herat,20,AF,1524789285,71,34.35,62.22,44.82,3.38
444,valparaiso,1,US,1524786960,22,41.47,-87.06,62.6,4.7
445,connersville,1,US,1524788100,68,39.64,-85.14,66.2,2.93
446,mukhen,64,RU,1524789285,42,48.19,136.14,34.83,7.74
447,villanueva de la serena,0,ES,1524789285,83,38.97,-5.8,61.74,7.74
448,myitkyina,0,MM,1524789285,86,25.38,97.4,66.96,2.15
449,itarema,68,BR,1524789286,84,-2.92,-39.92,79.56,10.54
450,ilinskiy,0,RU,1524787200,80,55.62,38.12,41.0,6.71
451,ahuimanu,90,US,1524787020,83,21.44,-157.84,80.6,12.75
452,lander,1,US,1524788100,34,42.83,-108.73,62.6,10.29
453,kukshi,0,IN,1524789286,55,22.21,74.76,74.25,8.75
454,samarai,88,PG,1524789286,100,-10.62,150.67,81.36,10.42
455,atambua,8,ID,1524789287,99,-9.11,124.89,80.46,5.95
456,buncrana,64,GB,1524789287,86,55.14,-7.45,43.56,6.62
457,birao,0,CF,1524789287,39,10.3,22.78,68.94,3.6
458,kalmunai,56,LK,1524789287,100,7.42,81.82,74.79,3.15
459,hirara,20,JP,1524787200,69,24.8,125.28,73.4,4.7
460,sretensk,56,RU,1524789287,62,52.24,117.7,51.3,3.15
461,kinshasa,12,CD,1524787200,83,-4.32,15.31,78.8,2.24
462,sechura,0,PE,1524789288,71,-5.56,-80.82,74.7,12.44
463,varzelandia,0,BR,1524789026,56,-15.7,-44.03,72.54,11.54
464,kloulklubed,90,PW,1524786900,100,7.04,134.26,78.8,4.72
465,mirnyy,0,RU,1524789288,82,56.57,36.46,41.58,14.67
466,haines junction,44,CA,1524789288,51,60.75,-137.51,39.24,3.94
467,puerto madryn,80,AR,1524789227,54,-42.77,-65.04,68.04,19.37
468,pecos,1,US,1524788100,10,31.42,-103.49,87.8,10.29
469,semnan,36,IR,1524789016,50,35.58,53.39,57.6,7.18
470,las juntas,20,CR,1524789289,96,10.28,-84.96,78.3,4.5
471,kaeo,64,NZ,1524789289,57,-35.1,173.78,68.49,18.25
472,kiruna,48,SE,1524786600,86,67.86,20.23,33.8,2.24
473,saryozek,8,KZ,1524789289,67,44.36,77.98,35.19,2.82
474,wanning,75,AT,1524786600,81,48.64,13.53,46.4,2.24
475,livingstone,0,ZW,1524789290,70,-17.85,25.86,53.64,2.37
476,fort morgan,1,US,1524786900,21,40.25,-103.8,60.8,10.29
477,dimona,36,IL,1524789290,94,31.07,35.04,52.47,2.93
478,parkes,8,AU,1524789290,61,-33.14,148.18,60.21,4.5
479,galesong,20,ID,1524785400,88,-5.32,119.37,77.0,2.24
480,valley city,75,US,1524788100,26,46.92,-98.0,64.4,9.17
481,nassau,75,DE,1524786600,93,51.17,13.51,42.8,5.82
482,itoman,20,JP,1524787200,64,26.12,127.67,73.4,8.05
483,carahue,36,CL,1524789291,100,-38.71,-73.16,50.94,8.19
484,high rock,75,BS,1524783600,69,26.63,-78.28,78.8,4.7
485,grindavik,75,IS,1524787200,93,63.84,-22.43,39.2,1.12
486,luba,0,PH,1524789291,80,17.32,120.7,79.56,3.49
487,hay river,40,CA,1524787200,40,60.82,-115.79,51.8,6.93
488,alofi,75,NU,1524787200,65,-19.06,-169.92,80.6,14.99
489,noyabrsk,0,RU,1524789292,64,63.2,75.45,13.5,7.74
490,rawson,76,AR,1524789292,27,-43.3,-65.11,68.49,13.78
491,antalaha,44,MG,1524789292,87,-14.9,50.28,75.24,15.9
492,mercedes,68,UY,1524789293,74,-33.25,-58.03,76.32,6.4
493,soyo,32,AO,1524789293,99,-6.13,12.37,76.41,2.93
494,goderich,8,CA,1524789293,83,43.74,-81.71,43.74,2.04
495,vanavara,76,RU,1524789293,98,60.35,102.28,36.54,9.19
496,saldanha,0,PT,1524789293,60,41.42,-6.55,56.16,6.62
497,byron bay,88,AU,1524787200,57,-28.65,153.62,75.2,16.11
498,sibolga,20,ID,1524789294,100,1.74,98.78,68.94,1.92
499,katobu,44,ID,1524789294,96,-4.94,122.53,82.17,4.27
500,pinheiro machado,88,BR,1524789294,95,-31.58,-53.38,70.11,9.31
501,jinchang,0,CN,1524789294,68,38.52,102.19,39.51,2.93
502,luau,0,CD,1524789294,65,-10.7,22.23,64.98,3.6
503,peruibe,92,BR,1524789294,100,-24.32,-47.0,75.78,10.2
504,merauke,92,ID,1524789295,87,-8.49,140.4,82.62,13.44
505,san carlos,20,VE,1524783600,70,9.66,-68.59,86.0,2.15
506,ust-nera,0,RU,1524789295,80,64.57,143.24,22.41,2.59
507,tawang,92,BT,1524789296,93,27.59,91.87,37.71,1.48
508,cidreira,0,BR,1524789296,92,-30.17,-50.22,71.37,11.54
509,livenka,0,RU,1524789296,70,50.74,40.23,47.79,5.84
510,bow island,20,CA,1524787200,36,49.87,-111.38,73.4,11.41
511,talcahuano,90,CL,1524787200,100,-36.72,-73.12,53.6,2.24
512,kananga,0,CD,1524789297,86,-5.9,22.41,70.29,2.59
513,san vicente,20,SV,1524786600,83,13.64,-88.78,82.4,6.93
514,xiazhen,75,TW,1524787200,73,23.89,120.95,77.0,2.24
515,tianpeng,0,CN,1524789297,99,28.88,112.34,64.08,4.16
516,rodrigues alves,75,BR,1524787200,94,-7.74,-72.65,77.0,1.12
517,akdepe,0,TM,1524787200,66,42.05,59.39,53.6,6.93
518,phan thiet,64,VN,1524789298,85,10.93,108.1,83.79,11.99
519,purranque,75,CL,1524787200,87,-40.91,-73.16,48.2,8.05
520,marienburg,0,DE,1524786600,87,52.12,9.98,44.6,4.7
521,tateyama,75,JP,1524787200,59,36.66,137.31,66.2,5.82
522,swan hill,0,AU,1524789299,74,-35.34,143.56,57.24,7.4
523,marzuq,24,YE,1524789299,87,14.4,46.47,58.86,2.48
524,sabla,64,NG,1524789299,66,12.75,4.71,84.87,10.2
525,sterling,1,US,1524788100,34,39.0,-77.4,68.0,2.93
526,margherita,75,IN,1524787200,88,27.29,95.67,71.6,2.24
527,poltavka,0,RU,1524789299,84,54.36,71.76,33.12,5.5
528,mahon,75,IE,1524787200,93,51.89,-8.4,42.8,5.82
529,erenhot,0,CN,1524789300,62,43.65,111.97,51.39,8.19
530,ulladulla,75,AU,1524783600,67,-35.36,150.48,60.8,12.75
531,caala,0,AO,1524789300,81,-12.85,15.56,52.65,2.26
532,lima,20,PE,1524789300,78,-12.06,-77.04,64.26,2.15
533,melito di porto salvo,0,IT,1524786900,72,37.92,15.77,60.8,2.24
534,miguelopolis,8,BR,1524789284,64,-20.18,-48.03,72.27,7.4
535,bafia,80,CM,1524789301,98,4.74,11.22,68.94,2.48
536,vardo,1,US,1524788100,34,39.62,-77.74,66.2,2.71
537,san jeronimo,88,PE,1524789301,85,-13.65,-73.37,46.08,1.36
538,ahipara,48,NZ,1524789301,69,-35.17,173.16,69.39,18.81
539,stawell,0,AU,1524789301,78,-37.06,142.77,54.72,4.16
540,srednekolymsk,0,RU,1524789302,66,67.46,153.71,18.36,3.6
541,deputatskiy,12,RU,1524789302,93,69.3,139.9,25.02,3.94
542,batemans bay,0,AU,1524789302,93,-35.71,150.18,58.77,7.52
543,kenai,40,US,1524786960,70,60.55,-151.26,44.6,9.17
544,coihaique,90,CL,1524787200,81,-45.58,-72.07,44.6,2.24
545,huaiyuan,0,CN,1524789302,84,32.97,117.2,68.13,4.38
546,kulhudhuffushi,0,MV,1524789302,100,6.62,73.07,85.23,8.08
547,felanitx,0,ES,1524787200,76,39.47,3.15,53.6,3.71
548,cavadinesti,32,RO,1524789303,94,46.07,28.02,58.59,2.93
549,mozarlandia,0,BR,1524789303,74,-14.74,-50.57,74.61,2.15
550,te anau,92,NZ,1524789303,84,-45.41,167.72,52.56,8.52
551,pangnirtung,88,CA,1524789303,90,66.15,-65.72,12.42,12.44
552,petropavlovsk-kamchatskiy,75,RU,1524787200,90,53.05,158.65,35.6,7.4
553,poum,0,MK,1524789304,90,41.28,20.71,46.89,1.92
554,palmer,0,AU,1524787200,52,-34.85,139.16,64.4,8.05
555,cayenne,44,GF,1524787200,100,4.94,-52.33,77.0,2.24
556,nishihara,75,JP,1524787200,52,35.74,139.53,68.0,3.36
557,san luis,0,AR,1524789305,64,-33.3,-66.34,70.47,6.73
558,labuan,75,BN,1524785400,88,5.28,115.24,82.4,4.7
559,auki,80,NG,1524789305,70,12.18,6.51,77.94,3.15
560,sistranda,40,NO,1524786600,93,63.73,8.83,39.2,6.93
561,sao felix do xingu,24,BR,1524789305,94,-6.64,-51.99,75.6,2.26
562,fairview,1,US,1524788100,39,40.81,-74.0,66.2,6.93
563,springdale,20,US,1524787080,62,36.19,-94.13,60.8,4.7
564,jiazi,75,CN,1524787200,100,19.61,110.49,77.0,11.18
565,gallup,1,US,1524786780,4,35.53,-108.74,75.2,5.82
